==================================================
UNRESTRAINED SYSTEM
==================================================
Sequence = HHHHHHHH
Number of conformations = 272
Partition function = 4630.302978056818
Average end-to-end distance = 3.753667905632506
Average radius of gyration = 1.231482272689936
Average end-to-end distance = 2.1299206048981554
Average energy = -2.452833637073496
Entropy S1 = 4.352321521175371
Entropy S2 = 4.3523215211753765

Macrostates (Energy : Degeneracy)
-3 : 19
-2 : 43
-1 : 92
0 : 118
Lowest energy = -3
Number of lowest-energy microstates = 19
State 1 = [(0, 0), (1, 0), (2, 0), (3, 0), (3, 1), (2, 1), (1, 1), (0, 1)]
State 2 = [(0, 0), (1, 0), (2, 0), (2, 1), (1, 1), (0, 1), (-1, 1), (-1, 0)]
State 3 = [(0, 0), (1, 0), (2, 0), (2, 1), (1, 1), (0, 1), (0, 2), (1, 2)]
State 4 = [(0, 0), (1, 0), (2, 0), (2, 1), (1, 1), (1, 2), (0, 2), (0, 1)]
State 5 = [(0, 0), (1, 0), (2, 0), (2, 1), (2, 2), (1, 2), (1, 1), (0, 1)]
State 6 = [(0, 0), (1, 0), (1, 1), (2, 1), (2, 2), (1, 2), (0, 2), (0, 1)]
State 7 = [(0, 0), (1, 0), (1, 1), (2, 1), (2, 0), (2, -1), (1, -1), (0, -1)]
State 8 = [(0, 0), (1, 0), (1, 1), (0, 1), (-1, 1), (-2, 1), (-2, 0), (-1, 0)]
State 9 = [(0, 0), (1, 0), (1, 1), (0, 1), (-1, 1), (-1, 2), (0, 2), (1, 2)]
State 10 = [(0, 0), (1, 0), (1, 1), (0, 1), (-1, 1), (-1, 0), (-2, 0), (-2, 1)]
State 11 = [(0, 0), (1, 0), (1, 1), (0, 1), (-1, 1), (-1, 0), (-1, -1), (0, -1)]
State 12 = [(0, 0), (1, 0), (1, 1), (0, 1), (0, 2), (1, 2), (2, 2), (2, 1)]
State 13 = [(0, 0), (1, 0), (1, 1), (0, 1), (0, 2), (1, 2), (1, 3), (0, 3)]
State 14 = [(0, 0), (1, 0), (1, 1), (0, 1), (0, 2), (-1, 2), (-1, 1), (-1, 0)]
State 15 = [(0, 0), (1, 0), (1, 1), (0, 1), (0, 2), (0, 3), (1, 3), (1, 2)]
State 16 = [(0, 0), (1, 0), (1, 1), (1, 2), (0, 2), (-1, 2), (-1, 1), (0, 1)]
State 17 = [(0, 0), (1, 0), (1, 1), (1, 2), (0, 2), (0, 1), (-1, 1), (-1, 2)]
State 18 = [(0, 0), (1, 0), (1, 1), (1, 2), (0, 2), (0, 1), (-1, 1), (-1, 0)]
State 19 = [(0, 0), (1, 0), (1, 1), (1, 2), (1, 3), (0, 3), (0, 2), (0, 1)]

==================================================
RESTRAINED SYSTEM  (k = 0.1)
==================================================
Restrained beads (0-based indices) = 1 7
Restrained beads (human numbering) = 2 8
Partition function Z = 2790.536487918826
Average end-to-end distance = 3.753667905632506
Average radius of gyration = 1.1819880370596725
Average end-to-end distance = 1.697262336960707
Average energy = -2.5000996321417124
Entropy S1 = 3.7671564256705814
Entropy S2 = 3.767156425670593
Comparison with unrestrained: Z decreased

Restrained macrostates (Energy : Degeneracy)
-2.9 : 16
-2.1 : 3
-1.9 : 16
-1.1 : 27
-0.9 : 9
-0.09999999999999998 : 67
0.1 : 3
0.9 : 36
1.5 : 16
2.5 : 79
Lowest restrained energy = -2.9
Degeneracy of lowest restrained energy = 16
Number of lowest-energy restrained microstates = 16
State 1 = [(0, 0), (1, 0), (2, 0), (3, 0), (3, 1), (2, 1), (1, 1), (0, 1)]
State 2 = [(0, 0), (1, 0), (2, 0), (2, 1), (1, 1), (0, 1), (-1, 1), (-1, 0)]
State 3 = [(0, 0), (1, 0), (2, 0), (2, 1), (1, 1), (0, 1), (0, 2), (1, 2)]
State 4 = [(0, 0), (1, 0), (2, 0), (2, 1), (1, 1), (1, 2), (0, 2), (0, 1)]
State 5 = [(0, 0), (1, 0), (2, 0), (2, 1), (2, 2), (1, 2), (1, 1), (0, 1)]
State 6 = [(0, 0), (1, 0), (1, 1), (2, 1), (2, 2), (1, 2), (0, 2), (0, 1)]
State 7 = [(0, 0), (1, 0), (1, 1), (2, 1), (2, 0), (2, -1), (1, -1), (0, -1)]
State 8 = [(0, 0), (1, 0), (1, 1), (0, 1), (-1, 1), (-2, 1), (-2, 0), (-1, 0)]
State 9 = [(0, 0), (1, 0), (1, 1), (0, 1), (-1, 1), (-1, 2), (0, 2), (1, 2)]
State 10 = [(0, 0), (1, 0), (1, 1), (0, 1), (-1, 1), (-1, 0), (-1, -1), (0, -1)]
State 11 = [(0, 0), (1, 0), (1, 1), (0, 1), (0, 2), (1, 2), (2, 2), (2, 1)]
State 12 = [(0, 0), (1, 0), (1, 1), (0, 1), (0, 2), (-1, 2), (-1, 1), (-1, 0)]
State 13 = [(0, 0), (1, 0), (1, 1), (0, 1), (0, 2), (0, 3), (1, 3), (1, 2)]
State 14 = [(0, 0), (1, 0), (1, 1), (1, 2), (0, 2), (-1, 2), (-1, 1), (0, 1)]
State 15 = [(0, 0), (1, 0), (1, 1), (1, 2), (0, 2), (0, 1), (-1, 1), (-1, 0)]
State 16 = [(0, 0), (1, 0), (1, 1), (1, 2), (1, 3), (0, 3), (0, 2), (0, 1)]


==================================================
RESTRAINED SYSTEM  (k = 0.5)
==================================================
Restrained beads (0-based indices) = 1 7
Restrained beads (human numbering) = 2 8
Partition function Z = 1249.8149363590787
Average end-to-end distance = 3.753667905632506
Average radius of gyration = 1.162893811544641
Average end-to-end distance = 1.5008585584227236
Average energy = -2.3042562604681485
Entropy S1 = 3.290323667642743
Entropy S2 = 3.290323667642744
Comparison with unrestrained: Z decreased

Restrained macrostates (Energy : Degeneracy)
-2.5 : 16
-1.5 : 16
-0.5 : 9
0.5 : 3
1.5 : 3
2.5 : 27
3.5 : 67
4.5 : 36
11.5 : 16
12.5 : 79
Lowest restrained energy = -2.5
Degeneracy of lowest restrained energy = 16
Number of lowest-energy restrained microstates = 16
State 1 = [(0, 0), (1, 0), (2, 0), (3, 0), (3, 1), (2, 1), (1, 1), (0, 1)]
State 2 = [(0, 0), (1, 0), (2, 0), (2, 1), (1, 1), (0, 1), (-1, 1), (-1, 0)]
State 3 = [(0, 0), (1, 0), (2, 0), (2, 1), (1, 1), (0, 1), (0, 2), (1, 2)]
State 4 = [(0, 0), (1, 0), (2, 0), (2, 1), (1, 1), (1, 2), (0, 2), (0, 1)]
State 5 = [(0, 0), (1, 0), (2, 0), (2, 1), (2, 2), (1, 2), (1, 1), (0, 1)]
State 6 = [(0, 0), (1, 0), (1, 1), (2, 1), (2, 2), (1, 2), (0, 2), (0, 1)]
State 7 = [(0, 0), (1, 0), (1, 1), (2, 1), (2, 0), (2, -1), (1, -1), (0, -1)]
State 8 = [(0, 0), (1, 0), (1, 1), (0, 1), (-1, 1), (-2, 1), (-2, 0), (-1, 0)]
State 9 = [(0, 0), (1, 0), (1, 1), (0, 1), (-1, 1), (-1, 2), (0, 2), (1, 2)]
State 10 = [(0, 0), (1, 0), (1, 1), (0, 1), (-1, 1), (-1, 0), (-1, -1), (0, -1)]
State 11 = [(0, 0), (1, 0), (1, 1), (0, 1), (0, 2), (1, 2), (2, 2), (2, 1)]
State 12 = [(0, 0), (1, 0), (1, 1), (0, 1), (0, 2), (-1, 2), (-1, 1), (-1, 0)]
State 13 = [(0, 0), (1, 0), (1, 1), (0, 1), (0, 2), (0, 3), (1, 3), (1, 2)]
State 14 = [(0, 0), (1, 0), (1, 1), (1, 2), (0, 2), (-1, 2), (-1, 1), (0, 1)]
State 15 = [(0, 0), (1, 0), (1, 1), (1, 2), (0, 2), (0, 1), (-1, 1), (-1, 0)]
State 16 = [(0, 0), (1, 0), (1, 1), (1, 2), (1, 3), (0, 3), (0, 2), (0, 1)]


==================================================
RESTRAINED SYSTEM  (k = 1.0)
==================================================
Restrained beads (0-based indices) = 1 7
Restrained beads (human numbering) = 2 8
Partition function Z = 542.784953177065
Average end-to-end distance = 3.753667905632506
Average radius of gyration = 1.16279027006299
Average end-to-end distance = 1.4997817786850944
Average energy = -1.8076289694517733
Entropy S1 = 3.2839982577405076
Entropy S2 = 3.283998257740502
Comparison with unrestrained: Z decreased

Restrained macrostates (Energy : Degeneracy)
-2.0 : 16
-1.0 : 16
0.0 : 9
1.0 : 3
6.0 : 3
7.0 : 27
8.0 : 67
9.0 : 36
24.0 : 16
25.0 : 79
Lowest restrained energy = -2.0
Degeneracy of lowest restrained energy = 16
Number of lowest-energy restrained microstates = 16
State 1 = [(0, 0), (1, 0), (2, 0), (3, 0), (3, 1), (2, 1), (1, 1), (0, 1)]
State 2 = [(0, 0), (1, 0), (2, 0), (2, 1), (1, 1), (0, 1), (-1, 1), (-1, 0)]
State 3 = [(0, 0), (1, 0), (2, 0), (2, 1), (1, 1), (0, 1), (0, 2), (1, 2)]
State 4 = [(0, 0), (1, 0), (2, 0), (2, 1), (1, 1), (1, 2), (0, 2), (0, 1)]
State 5 = [(0, 0), (1, 0), (2, 0), (2, 1), (2, 2), (1, 2), (1, 1), (0, 1)]
State 6 = [(0, 0), (1, 0), (1, 1), (2, 1), (2, 2), (1, 2), (0, 2), (0, 1)]
State 7 = [(0, 0), (1, 0), (1, 1), (2, 1), (2, 0), (2, -1), (1, -1), (0, -1)]
State 8 = [(0, 0), (1, 0), (1, 1), (0, 1), (-1, 1), (-2, 1), (-2, 0), (-1, 0)]
State 9 = [(0, 0), (1, 0), (1, 1), (0, 1), (-1, 1), (-1, 2), (0, 2), (1, 2)]
State 10 = [(0, 0), (1, 0), (1, 1), (0, 1), (-1, 1), (-1, 0), (-1, -1), (0, -1)]
State 11 = [(0, 0), (1, 0), (1, 1), (0, 1), (0, 2), (1, 2), (2, 2), (2, 1)]
State 12 = [(0, 0), (1, 0), (1, 1), (0, 1), (0, 2), (-1, 2), (-1, 1), (-1, 0)]
State 13 = [(0, 0), (1, 0), (1, 1), (0, 1), (0, 2), (0, 3), (1, 3), (1, 2)]
State 14 = [(0, 0), (1, 0), (1, 1), (1, 2), (0, 2), (-1, 2), (-1, 1), (0, 1)]
State 15 = [(0, 0), (1, 0), (1, 1), (1, 2), (0, 2), (0, 1), (-1, 1), (-1, 0)]
State 16 = [(0, 0), (1, 0), (1, 1), (1, 2), (1, 3), (0, 3), (0, 2), (0, 1)]

