==================================================
UNRESTRAINED SYSTEM
==================================================
Sequence = HHHHHHHH
Number of conformations = 272
Partition function = 4630.302978056818
Average end-to-end distance = 3.753667905632506
Average radius of gyration = 1.231482272689936
Average end-to-end distance = 2.1299206048981554
Average energy = -2.452833637073496
Entropy S1 = 4.352321521175371
Entropy S2 = 4.3523215211753765

Macrostates (Energy : Degeneracy)
-3 : 19
-2 : 43
-1 : 92
0 : 118
Lowest energy = -3
Number of lowest-energy microstates = 19
State 1 = [(0, 0), (1, 0), (2, 0), (3, 0), (3, 1), (2, 1), (1, 1), (0, 1)]
State 2 = [(0, 0), (1, 0), (2, 0), (2, 1), (1, 1), (0, 1), (-1, 1), (-1, 0)]
State 3 = [(0, 0), (1, 0), (2, 0), (2, 1), (1, 1), (0, 1), (0, 2), (1, 2)]
State 4 = [(0, 0), (1, 0), (2, 0), (2, 1), (1, 1), (1, 2), (0, 2), (0, 1)]
State 5 = [(0, 0), (1, 0), (2, 0), (2, 1), (2, 2), (1, 2), (1, 1), (0, 1)]
State 6 = [(0, 0), (1, 0), (1, 1), (2, 1), (2, 2), (1, 2), (0, 2), (0, 1)]
State 7 = [(0, 0), (1, 0), (1, 1), (2, 1), (2, 0), (2, -1), (1, -1), (0, -1)]
State 8 = [(0, 0), (1, 0), (1, 1), (0, 1), (-1, 1), (-2, 1), (-2, 0), (-1, 0)]
State 9 = [(0, 0), (1, 0), (1, 1), (0, 1), (-1, 1), (-1, 2), (0, 2), (1, 2)]
State 10 = [(0, 0), (1, 0), (1, 1), (0, 1), (-1, 1), (-1, 0), (-2, 0), (-2, 1)]
State 11 = [(0, 0), (1, 0), (1, 1), (0, 1), (-1, 1), (-1, 0), (-1, -1), (0, -1)]
State 12 = [(0, 0), (1, 0), (1, 1), (0, 1), (0, 2), (1, 2), (2, 2), (2, 1)]
State 13 = [(0, 0), (1, 0), (1, 1), (0, 1), (0, 2), (1, 2), (1, 3), (0, 3)]
State 14 = [(0, 0), (1, 0), (1, 1), (0, 1), (0, 2), (-1, 2), (-1, 1), (-1, 0)]
State 15 = [(0, 0), (1, 0), (1, 1), (0, 1), (0, 2), (0, 3), (1, 3), (1, 2)]
State 16 = [(0, 0), (1, 0), (1, 1), (1, 2), (0, 2), (-1, 2), (-1, 1), (0, 1)]
State 17 = [(0, 0), (1, 0), (1, 1), (1, 2), (0, 2), (0, 1), (-1, 1), (-1, 2)]
State 18 = [(0, 0), (1, 0), (1, 1), (1, 2), (0, 2), (0, 1), (-1, 1), (-1, 0)]
State 19 = [(0, 0), (1, 0), (1, 1), (1, 2), (1, 3), (0, 3), (0, 2), (0, 1)]

==================================================
RESTRAINED SYSTEM  (k = 0.1)
==================================================
Restrained beads (0-based indices) = 0 7
Restrained beads (human numbering) = 1 8
Partition function Z = 2890.4165142492443
Average end-to-end distance = 3.753667905632506
Average radius of gyration = 1.1772943529930537
Average end-to-end distance = 1.5592210259483366
Average energy = -2.58736578506888
Entropy S1 = 3.6568795848513043
Entropy S2 = 3.6568795848512767
Comparison with unrestrained: Z decreased

Restrained macrostates (Energy : Degeneracy)
-3.0 : 12
-2.6 : 7
-1.6 : 31
-1.0 : 2
-0.6 : 23
-0.3999999999999999 : 12
0.4 : 11
0.6000000000000001 : 67
1.6 : 43
3.6 : 64
Lowest restrained energy = -3.0
Degeneracy of lowest restrained energy = 12
Number of lowest-energy restrained microstates = 12
State 1 = [(0, 0), (1, 0), (2, 0), (3, 0), (3, 1), (2, 1), (1, 1), (0, 1)]
State 2 = [(0, 0), (1, 0), (2, 0), (2, 1), (1, 1), (0, 1), (-1, 1), (-1, 0)]
State 3 = [(0, 0), (1, 0), (2, 0), (2, 1), (1, 1), (1, 2), (0, 2), (0, 1)]
State 4 = [(0, 0), (1, 0), (2, 0), (2, 1), (2, 2), (1, 2), (1, 1), (0, 1)]
State 5 = [(0, 0), (1, 0), (1, 1), (2, 1), (2, 2), (1, 2), (0, 2), (0, 1)]
State 6 = [(0, 0), (1, 0), (1, 1), (2, 1), (2, 0), (2, -1), (1, -1), (0, -1)]
State 7 = [(0, 0), (1, 0), (1, 1), (0, 1), (-1, 1), (-2, 1), (-2, 0), (-1, 0)]
State 8 = [(0, 0), (1, 0), (1, 1), (0, 1), (-1, 1), (-1, 0), (-1, -1), (0, -1)]
State 9 = [(0, 0), (1, 0), (1, 1), (0, 1), (0, 2), (-1, 2), (-1, 1), (-1, 0)]
State 10 = [(0, 0), (1, 0), (1, 1), (1, 2), (0, 2), (-1, 2), (-1, 1), (0, 1)]
State 11 = [(0, 0), (1, 0), (1, 1), (1, 2), (0, 2), (0, 1), (-1, 1), (-1, 0)]
State 12 = [(0, 0), (1, 0), (1, 1), (1, 2), (1, 3), (0, 3), (0, 2), (0, 1)]


==================================================
RESTRAINED SYSTEM  (k = 0.5)
==================================================
Restrained beads (0-based indices) = 0 7
Restrained beads (human numbering) = 1 8
Partition function Z = 1864.3460614399773
Average end-to-end distance = 3.753667905632506
Average radius of gyration = 1.1476837036743806
Average end-to-end distance = 1.0547938740107143
Average energy = -2.888620002064293
Entropy S1 = 2.7162989631855416
Entropy S2 = 2.7162989631855305
Comparison with unrestrained: Z decreased

Restrained macrostates (Energy : Degeneracy)
-3.0 : 12
-1.0 : 9
0.0 : 31
1.0 : 23
2.0 : 11
6.0 : 12
7.0 : 67
8.0 : 43
18.0 : 64
Lowest restrained energy = -3.0
Degeneracy of lowest restrained energy = 12
Number of lowest-energy restrained microstates = 12
State 1 = [(0, 0), (1, 0), (2, 0), (3, 0), (3, 1), (2, 1), (1, 1), (0, 1)]
State 2 = [(0, 0), (1, 0), (2, 0), (2, 1), (1, 1), (0, 1), (-1, 1), (-1, 0)]
State 3 = [(0, 0), (1, 0), (2, 0), (2, 1), (1, 1), (1, 2), (0, 2), (0, 1)]
State 4 = [(0, 0), (1, 0), (2, 0), (2, 1), (2, 2), (1, 2), (1, 1), (0, 1)]
State 5 = [(0, 0), (1, 0), (1, 1), (2, 1), (2, 2), (1, 2), (0, 2), (0, 1)]
State 6 = [(0, 0), (1, 0), (1, 1), (2, 1), (2, 0), (2, -1), (1, -1), (0, -1)]
State 7 = [(0, 0), (1, 0), (1, 1), (0, 1), (-1, 1), (-2, 1), (-2, 0), (-1, 0)]
State 8 = [(0, 0), (1, 0), (1, 1), (0, 1), (-1, 1), (-1, 0), (-1, -1), (0, -1)]
State 9 = [(0, 0), (1, 0), (1, 1), (0, 1), (0, 2), (-1, 2), (-1, 1), (-1, 0)]
State 10 = [(0, 0), (1, 0), (1, 1), (1, 2), (0, 2), (-1, 2), (-1, 1), (0, 1)]
State 11 = [(0, 0), (1, 0), (1, 1), (1, 2), (0, 2), (0, 1), (-1, 1), (-1, 0)]
State 12 = [(0, 0), (1, 0), (1, 1), (1, 2), (1, 3), (0, 3), (0, 2), (0, 1)]


==================================================
RESTRAINED SYSTEM  (k = 1.0)
==================================================
Restrained beads (0-based indices) = 0 7
Restrained beads (human numbering) = 1 8
Partition function Z = 1794.1438841002064
Average end-to-end distance = 3.753667905632506
Average radius of gyration = 1.14481469848707
Average end-to-end distance = 1.0020311339789798
Average energy = -2.981593574592716
Entropy S1 = 2.522960618035869
Entropy S2 = 2.522960618035871
Comparison with unrestrained: Z decreased

Restrained macrostates (Energy : Degeneracy)
-3.0 : 12
-1.0 : 2
1.0 : 7
2.0 : 31
3.0 : 23
4.0 : 11
14.0 : 12
15.0 : 67
16.0 : 43
36.0 : 64
Lowest restrained energy = -3.0
Degeneracy of lowest restrained energy = 12
Number of lowest-energy restrained microstates = 12
State 1 = [(0, 0), (1, 0), (2, 0), (3, 0), (3, 1), (2, 1), (1, 1), (0, 1)]
State 2 = [(0, 0), (1, 0), (2, 0), (2, 1), (1, 1), (0, 1), (-1, 1), (-1, 0)]
State 3 = [(0, 0), (1, 0), (2, 0), (2, 1), (1, 1), (1, 2), (0, 2), (0, 1)]
State 4 = [(0, 0), (1, 0), (2, 0), (2, 1), (2, 2), (1, 2), (1, 1), (0, 1)]
State 5 = [(0, 0), (1, 0), (1, 1), (2, 1), (2, 2), (1, 2), (0, 2), (0, 1)]
State 6 = [(0, 0), (1, 0), (1, 1), (2, 1), (2, 0), (2, -1), (1, -1), (0, -1)]
State 7 = [(0, 0), (1, 0), (1, 1), (0, 1), (-1, 1), (-2, 1), (-2, 0), (-1, 0)]
State 8 = [(0, 0), (1, 0), (1, 1), (0, 1), (-1, 1), (-1, 0), (-1, -1), (0, -1)]
State 9 = [(0, 0), (1, 0), (1, 1), (0, 1), (0, 2), (-1, 2), (-1, 1), (-1, 0)]
State 10 = [(0, 0), (1, 0), (1, 1), (1, 2), (0, 2), (-1, 2), (-1, 1), (0, 1)]
State 11 = [(0, 0), (1, 0), (1, 1), (1, 2), (0, 2), (0, 1), (-1, 1), (-1, 0)]
State 12 = [(0, 0), (1, 0), (1, 1), (1, 2), (1, 3), (0, 3), (0, 2), (0, 1)]

